0	69	57	51 
1	42	56	24
2	41	50	25
3	41	49	27
5	36	47	18
6	53	51	51
7	46	61	26
8	40	53	22
9	44	51	28
10	46	57	24
11	46	54	28
12	26	36	26
13	41	53	23
14	39	48	21
15	41	54	23
16	57	40	41
17	41	53	23
18	41	51	23
19	33	42	17
20	44	57	26
21	46	55	28
22	36	48	18
23	50	50	32
24	39	54	27
25	53	50	37
26	26	46	14
27	139	52	123	
28	40	46	24	
29	46	51	28	
30	81	38	86
31	50	52	32
32	50	57	32
33	39	43	29	
34	48	46	30	
35	44	50	28	
36	99	39	30
37	46	48	28
38	49	50	41
39	35	46	17
40	43	46	27
41	53	29	37
43	28	51	10
44	29	38	19
45	42	53	24
46	48	54	30
47	38	47	22
48	44	53	48
49	43	50	25
